camera_matrix:
  cols: 3
  data: [161.2882174843202, 0.0, 158.80758663800498, 0.0, 163.8894940438046, 109.63705515540462,
    0.0, 0.0, 1.0]
  rows: 3
camera_name: duckiebot/camera_node
distortion_coefficients:
  cols: 5
  data: [-0.28180060089519965, 0.056762198434295426, 0.0007526708950659651, -0.0008411892290849658,
    0.0]
  rows: 1
distortion_model: plumb_bob
image_height: 240
image_width: 320
projection_matrix:
  cols: 4
  data: [111.77344512939453, 0.0, 157.97770197723185, 0.0, 0.0, 131.0578155517578,
    103.9145501549774, 0.0, 0.0, 0.0, 1.0, 0.0]
  rows: 3
rectification_matrix:
  cols: 3
  data: [1.0, 0.0, 0.0, 0.0, 1.0, 0.0, 0.0, 0.0, 1.0]
  rows: 3
