camera_matrix:
  cols: 3
  data: [161.00136645349775, 0.0, 155.14791540766444, 0.0, 163.35925237678256, 114.07510929111926,
    0.0, 0.0, 1.0]
  rows: 3
camera_name: duckiebot/camera_node
distortion_coefficients:
  cols: 5
  data: [-0.2705609676469962, 0.05957798241163852, -0.0008256315817848947, -0.001587368734208982,
    0.0]
  rows: 1
distortion_model: plumb_bob
image_height: 240
image_width: 320
projection_matrix:
  cols: 4
  data: [116.21363067626953, 0.0, 154.43759368590236, 0.0, 0.0, 133.7994384765625,
    110.59142436224647, 0.0, 0.0, 0.0, 1.0, 0.0]
  rows: 3
rectification_matrix:
  cols: 3
  data: [1.0, 0.0, 0.0, 0.0, 1.0, 0.0, 0.0, 0.0, 1.0]
  rows: 3
